type      = 0 # LINEAR_VOX_TO_VOX
nxforms   = 1
mean      = 0.0000 0.0000 0.0000
sigma     = 10000.0000
1 4 4
0.000000000000000e+00 0.000000000000000e+00 -2.857142925262451e+00 4.942649841308594e+02 
-2.857142925262451e+00 0.000000000000000e+00 0.000000000000000e+00 3.820965881347656e+02 
0.000000000000000e+00 -2.857142925262451e+00 0.000000000000000e+00 7.165038452148438e+02 
0.000000000000000e+00 0.000000000000000e+00 0.000000000000000e+00 1.000000000000000e+00 
src volume info
valid = 1  # volume info valid
filename = /autofs/space/hilbert_003/users/chiara/claustrum/dataForSynthseg/whole_synthseg_all/mni152.1.0mm.nii.gz
volume = 193 229 193
voxelsize = 1.000000000000000e+00 1.000000000000000e+00 1.000000000000000e+00
xras   = 1.000000000000000e+00 -0.000000000000000e+00 0.000000000000000e+00
yras   = -0.000000000000000e+00 1.000000000000000e+00 0.000000000000000e+00
zras   = -0.000000000000000e+00 -0.000000000000000e+00 1.000000000000000e+00
cras   = 5.000000000000000e-01 -1.750000000000000e+01 1.850000000000000e+01
dst volume info
valid = 1  # volume info valid
filename = strip/I38_LH.mri_ds_stripped.mgz
volume = 480 220 549
voxelsize = 3.499999940395355e-01 3.499999940395355e-01 3.499999940395355e-01
xras   = 0.000000000000000e+00 0.000000000000000e+00 -1.000000000000000e+00
yras   = -1.000000000000000e+00 0.000000000000000e+00 0.000000000000000e+00
zras   = 0.000000000000000e+00 -1.000000000000000e+00 0.000000000000000e+00
cras   = -7.661933898925781e-01 2.270135498046875e+01 1.099274444580078e+01
fscale 0.100000
